-72.224 -44.408 -1001.315 -71.614 -43.798 -1001.193 -71.675 -43.798 -1000.827 -71.248 -44.225 -1001.864 -71.553 -44.164 -1001.559 -71.980 -43.615 -1000.644 -72.468 -44.164 -1000.705 -71.675 -44.103 -1000.583 -71.370 -43.859 -1001.132 -71.980 -43.554 -1000.644 -72.163 -44.652 -1000.583 -71.858 -44.103 -1000.644 -72.102 -43.676 -1000.705 -71.675 -43.615 -1001.742 -71.797 -43.676 -1001.376 -72.529 -43.981 -1000.278
-72.041 -43.737 -1002.230 -72.163 -44.408 -1001.498 -72.224 -45.079 -1001.193 -71.309 -44.103 -1001.071 -71.187 -43.615 -1002.230 -71.248 -44.347 -1001.620 -72.102 -44.103 -1002.108 -71.980 -44.347 -1000.583 -72.468 -43.920 -1002.291 -71.614 -42.822 -1001.681 -72.407 -43.676 -1001.498 -71.248 -43.920 -1001.742 -71.858 -44.042 -1001.925 -72.712 -43.981 -1001.681 -71.370 -44.042 -1000.766 -71.980 -44.103 -1002.230
-71.858 -44.408 -1001.254 -71.736 -43.676 -1000.156 -71.675 -44.164 -1000.583 -72.163 -44.042 -999.607 -72.285 -44.164 -1003.816 -72.102 -44.408 -1001.681 -71.553 -43.554 -1001.376 -72.102 -44.103 -1000.522 -71.675 -44.225 -1001.315 -72.224 -43.615 -1002.535 -71.187 -43.859 -1001.010 -71.431 -42.822 -1001.071 -71.858 -43.676 -1001.620 -72.285 -44.286 -1002.230 -72.041 -43.859 -1001.315 -72.285 -43.554 -1001.620
-71.309 -43.798 -1001.071 -71.370 -44.225 -1002.108 -72.163 -44.225 -1001.498 -71.858 -43.188 -1001.986 -72.407 -43.676 -1001.376 -71.187 -43.859 -1002.169 -71.675 -43.737 -1001.193 -71.492 -44.835 -1002.047 -72.285 -43.554 -1001.315 -72.590 -44.652 -1001.803 -71.370 -43.798 -1001.254 -72.163 -44.408 -1001.315 -71.858 -44.042 -1002.352 -71.797 -43.493 -1001.376 -72.407 -44.469 -1002.291 -71.919 -43.798 -1001.315
-72.468 -44.286 -1000.583 -71.553 -43.493 -1001.803 -72.956 -43.371 -1001.071 -71.736 -43.554 -1001.559 -71.126 -43.554 -1001.986 -71.553 -43.920 -1001.681 -71.797 -43.554 -1001.620 -71.858 -43.432 -1001.132 -72.651 -43.859 -1000.827 -72.041 -44.835 -1002.047 -71.492 -43.371 -1000.339 -71.675 -43.798 -1001.925 -73.139 -43.920 -1000.034 -71.858 -44.469 -1000.278 -71.797 -43.981 -1000.156 -72.834 -43.615 -1002.169
-71.187 -43.798 -1001.681 -72.529 -43.493 -1000.827 -72.651 -43.432 -1001.315 -72.285 -43.920 -1000.644 -72.102 -43.066 -1002.840 -72.224 -42.822 -1000.278 -71.553 -43.554 -1000.583 -72.468 -43.798 -1001.742 -71.614 -43.615 -1002.047 -72.102 -43.798 -1000.644 -72.407 -44.164 -1001.315 -73.078 -44.469 -1002.657 -72.590 -43.493 -1002.840 -72.163 -43.493 -999.058 -72.773 -43.859 -1002.535 -71.126 -43.920 -1000.095
-71.858 -43.859 -999.180 -71.492 -43.554 -1003.694 -72.590 -43.371 -1000.705 -72.590 -43.676 -1000.156 -74.054 -44.469 -1000.095 -72.346 -43.920 -1001.376 -72.163 -43.981 -1001.254 -72.224 -42.883 -998.692 -72.590 -44.164 -1001.742 -71.492 -43.554 -1001.437 -71.980 -45.079 -1003.328 -72.102 -43.310 -996.801 -70.882 -43.798 -1000.766 -71.980 -42.944 -1002.657 -72.773 -43.127 -1000.705 -71.492 -43.493 -1001.742
-71.370 -44.774 -1000.156 -71.858 -43.981 -1000.034 -72.346 -43.127 -1002.718 -71.492 -47.336 -1005.707 -72.834 -42.700 -1009.001 -74.420 -41.358 -992.897 -73.810 -43.066 -993.263 -71.431 -45.506 -1007.232 -72.468 -43.676 -1004.914 -73.810 -41.846 -995.947 -72.773 -43.432 -995.520 -73.078 -43.127 -1001.132 -71.431 -44.286 -1008.269 -72.224 -42.517 -998.997 -71.675 -44.164 -1000.644 -71.919 -43.676 -1000.278
-72.163 -43.127 -1002.169 -72.163 -43.676 -999.546 -71.614 -43.005 -999.058 -72.285 -43.859 -1001.376 -72.407 -43.920 -1005.219 -73.017 -43.249 -998.692 -72.590 -44.225 -1001.193 -72.041 -43.859 -1001.315 -72.224 -43.554 -1004.975 -72.163 -43.493 -1003.572 -73.139 -43.188 -999.363 -72.163 -43.493 -1001.132 -72.651 -43.066 -998.692 -72.346 -43.737 -1003.084 -71.858 -42.700 -999.546 -72.224 -43.554 -1003.145
-71.797 -43.493 -1002.474 -71.370 -43.981 -1001.132 -71.858 -44.286 -1002.108 -72.102 -44.652 -1002.596 -71.980 -43.798 -999.424 -72.834 -43.432 -999.912 -71.736 -43.676 -1001.254 -71.675 -43.310 -1002.169 -71.858 -43.737 -1001.437 -72.285 -42.761 -1000.034 -72.529 -43.981 -1001.010 -72.590 -44.225 -1001.986 -72.407 -43.493 -1001.559 -72.224 -43.127 -999.912 -72.102 -43.615 -1000.156 -72.529 -43.920 -1001.742
-72.834 -43.188 -1000.461 -71.736 -43.920 -1001.864 -72.529 -42.761 -1001.620 -72.163 -43.859 -1003.267 -72.895 -43.005 -1001.742 -72.102 -43.432 -1001.193 -71.797 -43.493 -1002.352 -72.590 -43.493 -1000.705 -71.797 -43.188 -1002.474 -72.651 -43.310 -994.178 -73.993 -42.395 -977.952 -71.858 -43.798 -988.383 -69.662 -48.922 -1080.554 -74.298 -40.443 -1010.221 -76.250 -38.064 -951.966 -71.736 -44.652 -977.525
-71.248 -46.909 -1018.456 -73.871 -42.395 -1012.478 -72.407 -40.870 -982.588 -70.150 -43.798 -991.982 -72.895 -44.774 -1015.406 -74.054 -42.700 -1010.465 -73.505 -44.347 -987.773 -71.675 -44.530 -995.032 -72.529 -43.310 -1014.735 -73.383 -42.151 -1006.317 -72.041 -43.310 -988.444 -71.736 -44.408 -997.716 -71.919 -44.347 -1008.818 -72.529 -42.883 -1006.378 -73.566 -41.541 -996.679 -72.163 -43.066 -995.764
-72.224 -43.432 -1003.633 -72.712 -43.737 -1004.243 -72.529 -42.822 -1000.644 -73.017 -43.066 -1000.888 -72.285 -43.676 -1001.864 -71.858 -46.604 -999.119 -73.444 -40.992 -1003.999 -74.359 -41.297 -998.387 -68.564 -43.371 -1003.877 -73.078 -43.005 -996.130 -73.383 -44.286 -1006.683 -74.115 -43.615 -1000.583 -72.346 -44.347 -1000.217 -71.736 -44.164 -1002.291 -72.590 -43.859 -1010.587 -73.200 -42.639 -991.250
-72.529 -42.151 -995.642 -70.699 -44.652 -1005.463 -72.041 -44.347 -1003.999 -73.322 -42.883 -998.082 -72.346 -44.164 -1001.010 -72.895 -43.066 -1001.376 -72.773 -43.127 -1001.376 -73.017 -43.920 -1001.193 -71.553 -43.493 -1001.864 -72.407 -42.761 -1000.278 -72.590 -42.578 -1003.816 -72.712 -42.639 -994.544 -73.627 -38.613 -955.382 -67.649 -56.303 -1112.945 -77.348 -32.269 -917.318 -68.442 -51.301 -1071.404
-72.407 -42.395 -981.856 -70.882 -43.798 -1004.304 -75.213 -42.944 -1011.624 -72.773 -42.151 -988.749 -70.943 -44.896 -1010.892 -73.200 -41.846 -989.481 -73.139 -44.164 -1019.676 -72.163 -42.578 -985.943 -71.492 -44.774 -1006.988 -72.163 -43.127 -1002.108 -71.736 -43.249 -1001.681 -71.980 -43.859 -1001.376 -73.078 -43.371 -996.313 -71.980 -43.798 -1005.158 -71.858 -43.127 -1001.803 -73.078 -42.883 -1001.315
-72.041 -43.615 -1001.620 -71.736 -43.188 -1001.254 -73.200 -43.615 -1002.047 -71.858 -43.188 -1002.474 -72.102 -43.066 -998.875 -71.980 -43.005 -1001.254 -71.492 -43.493 -1001.498 -72.529 -43.310 -1001.864 -71.797 -43.249 -1000.827 -72.346 -43.676 -1001.559 -72.590 -43.188 -1001.803 -73.078 -43.737 -1000.949 -72.224 -44.042 -1001.071 -71.797 -43.188 -1000.705 -72.102 -44.164 -1000.888 -72.529 -43.066 -1000.766
-72.224 -43.188 -1002.535 -72.285 -42.822 -1001.864 -72.712 -43.920 -1001.376 -72.773 -43.310 -1001.864 -72.895 -43.005 -1002.535 -73.444 -43.615 -1000.705 -72.224 -43.676 -1002.230 -72.956 -43.188 -1001.620 -72.590 -43.676 -1001.681 -71.492 -43.310 -1000.400 -71.309 -43.249 -1000.888 -71.736 -43.737 -1000.522 -71.614 -44.042 -1002.962 -72.407 -43.066 -999.912 -72.834 -42.700 -1001.498 -71.919 -43.920 -1002.230
-71.492 -43.310 -1000.644 -71.370 -43.310 -1001.193 -71.980 -43.615 -1000.644 -72.285 -43.188 -1001.315 -71.797 -43.005 -1002.108 -72.712 -43.798 -1001.498 -71.797 -43.981 -1001.254 -72.529 -43.737 -1001.864 -72.468 -43.981 -1002.352 -72.529 -44.164 -1000.217 -72.102 -43.737 -1000.644 -71.797 -43.188 -1001.498 -71.675 -43.676 -1000.644 -71.614 -43.493 -1002.535 -71.980 -43.188 -1001.925 -73.017 -43.127 -1001.620
-73.200 -44.225 -1001.376 -72.224 -43.310 -1001.803 -71.492 -43.249 -1001.864 -72.346 -42.944 -1001.315 -71.797 -42.944 -1001.254 -73.261 -42.578 -1000.583 -72.773 -42.456 -1001.315 -72.224 -42.395 -1000.034 -71.736 -44.164 -1000.583 -72.102 -44.164 -1002.169 -71.675 -43.127 -1000.827 -73.383 -43.493 -1001.193 -72.529 -44.286 -1002.657 -72.163 -43.066 -1002.291 -71.614 -43.493 -1000.949 -72.224 -43.371 -1001.437
-71.614 -42.883 -1000.827 -72.041 -43.371 -1001.620 -73.017 -43.554 -1002.230 -72.956 -43.493 -1002.230 -72.712 -43.310 -1002.047 -72.529 -43.615 -1001.986 -71.309 -43.188 -1001.498 -72.834 -43.676 -1002.413 -72.041 -43.554 -1001.010 -71.797 -43.981 -1000.461 -72.163 -43.371 -1000.827 -71.675 -42.761 -1000.827 -72.529 -42.944 -1002.108 -72.651 -43.310 -1001.010 -71.675 -44.042 -1000.827 -72.224 -43.615 -1001.437