10.309 -6.161 997.106 11.041 -5.246 996.801 12.688 -3.599 995.154 10.980 -3.782 992.348 12.017 -5.490 995.276 11.285 -6.466 997.350 12.566 -5.185 996.008 11.651 -4.514 993.568 12.078 -5.368 994.666 12.810 -5.917 996.069 11.468 -5.307 994.666 13.237 -4.453 992.531 12.139 -4.331 995.154 11.346 -4.697 994.117 11.651 -4.941 994.666 12.078 -5.063 994.910
10.736 -5.368 994.605 11.834 -5.246 995.886 11.529 -4.941 995.398 12.078 -5.307 995.276 11.834 -5.612 994.361 12.200 -5.002 994.727 11.468 -4.880 997.228 11.163 -4.331 994.971 11.041 -4.087 994.178 11.956 -5.551 995.581 12.627 -4.819 996.984 12.322 -4.636 994.727 12.993 -5.307 993.141 12.078 -5.002 994.910 11.834 -4.941 996.740 10.797 -4.392 994.605
10.431 -4.270 994.910 11.285 -3.843 994.849 10.309 -4.758 996.252 11.468 -5.490 996.496 11.712 -4.941 996.252 12.749 -4.514 994.605 12.749 -4.453 994.971 11.346 -4.270 995.520 12.444 -3.294 994.239 11.529 -4.758 994.666 11.895 -4.331 995.093 12.078 -4.392 995.703 11.468 -5.490 994.605 10.797 -5.124 995.276 12.810 -5.246 993.446 11.590 -5.124 996.374
11.834 -4.148 994.483 11.407 -5.185 996.252 12.261 -5.368 993.873 12.200 -4.880 994.239 11.102 -4.758 995.825 12.322 -5.429 997.289 10.858 -5.002 996.984 12.749 -4.209 991.250 11.651 -5.368 996.496 11.834 -5.124 997.899 12.749 -3.965 991.982 12.078 -4.148 995.703 12.200 -3.782 994.788 11.834 -3.721 994.544 12.566 -4.270 993.995 11.712 -4.697 993.690
12.749 -4.758 994.788 11.895 -5.734 994.971 12.383 -4.880 995.337 11.529 -5.490 994.544 12.261 -4.148 991.982 11.102 -5.002 996.618 11.285 -3.660 995.886 12.139 -4.636 992.165 12.749 -5.124 994.056 11.956 -5.368 997.472 11.285 -4.575 993.690 11.956 -4.392 994.178 11.407 -5.063 994.788 12.627 -4.819 994.239 11.529 -4.514 994.910 11.041 -4.453 994.483
11.407 -4.697 994.666 10.858 -5.185 995.459 11.163 -5.368 996.618 11.956 -4.575 994.910 12.383 -5.795 994.300 12.505 -4.941 996.008 12.017 -5.124 995.276 12.627 -4.453 994.422 13.176 -3.843 993.812 12.627 -4.453 994.605 12.078 -4.575 994.300 12.200 -5.429 994.544 11.529 -4.453 994.239 11.285 -4.880 995.642 12.017 -5.246 995.703 11.407 -5.246 995.337
11.529 -4.758 995.581 12.688 -4.270 995.520 12.139 -4.514 994.788 11.346 -5.368 994.849 10.858 -5.856 995.398 12.017 -4.331 995.154 11.468 -5.063 995.459 12.322 -5.063 994.788 11.651 -5.185 995.154 11.956 -4.941 994.056 12.139 -4.453 994.971 11.468 -4.941 995.459 11.712 -5.307 995.398 11.834 -4.819 995.825 12.017 -5.185 996.130 11.590 -4.941 995.703
12.261 -4.941 994.178 11.956 -5.185 996.191 11.590 -4.758 994.727 11.102 -4.087 994.300 10.797 -4.026 994.971 11.712 -4.392 995.703 12.200 -4.697 994.849 13.542 -5.246 994.910 13.176 -5.795 994.544 13.298 -5.429 995.642 12.505 -5.612 995.154 12.322 -5.185 994.666 11.773 -4.697 994.666 11.041 -4.880 995.276 11.407 -4.819 994.971 11.163 -4.758 995.032
11.529 -4.697 995.398 11.468 -5.856 995.398 12.383 -5.673 995.886 12.505 -5.734 995.215 12.444 -6.039 994.361 12.566 -5.307 994.422 12.749 -4.148 994.361 11.712 -4.453 993.568 12.078 -5.002 995.154 11.468 -4.819 995.215 11.712 -5.063 994.666 10.614 -5.002 994.910 12.078 -4.697 995.825 11.407 -4.148 994.666 10.614 -4.880 995.032 11.163 -5.551 995.093
10.675 -5.124 994.422 11.590 -5.612 995.398 12.200 -6.039 995.154 12.139 -4.575 994.727 12.444 -4.819 995.032 11.468 -5.551 995.093 11.102 -4.697 994.544 12.139 -4.209 994.910 11.834 -4.819 994.483 10.980 -4.819 994.605 11.041 -5.856 994.178 12.078 -4.636 994.910 11.651 -4.636 994.239 11.407 -4.697 995.093 10.919 -5.978 995.276 11.651 -5.124 995.337
11.834 -4.636 994.422 11.651 -5.368 994.239 12.078 -4.453 994.605 11.407 -4.819 994.666 11.529 -4.636 995.215 12.078 -5.307 993.507 13.237 -4.453 994.239 13.176 -5.490 994.300 12.078 -5.429 995.520 12.627 -5.795 995.215 12.993 -4.575 994.483 11.712 -4.575 994.422 11.529 -5.246 995.459 11.590 -4.880 994.971 11.041 -4.209 995.154 10.370 -4.941 994.788
12.322 -5.368 995.642 12.810 -4.758 995.032 12.017 -5.734 995.520 12.505 -5.734 995.215 12.566 -5.246 995.459 12.627 -5.185 994.971 11.834 -4.331 994.178 11.712 -4.148 993.812 12.261 -4.697 993.751 12.078 -3.782 994.544 12.200 -4.270 994.971 12.139 -4.697 995.154 12.200 -5.368 995.093 11.285 -5.429 995.520 12.505 -6.283 995.642 12.078 -5.307 996.008
12.261 -5.307 994.483 11.590 -4.941 995.459 11.651 -5.490 994.727 11.956 -5.124 995.032 11.468 -5.185 993.873 12.078 -4.941 994.483 11.346 -4.270 995.764 11.773 -5.368 994.971 11.712 -4.758 994.849 11.041 -5.490 995.215 12.200 -4.514 994.910 11.407 -6.100 995.398 12.078 -5.124 994.544 12.261 -4.880 995.764 12.688 -4.880 996.252 11.529 -5.002 995.337
10.858 -4.941 994.483 11.529 -5.368 995.276 11.712 -5.612 995.459 12.749 -4.209 995.215 11.224 -4.453 994.483 10.919 -5.612 993.812 13.176 -5.734 994.422 12.444 -5.246 994.849 11.956 -5.246 995.337 11.773 -5.124 994.544 12.078 -5.490 995.520 11.346 -4.392 994.422 11.468 -4.941 995.154 10.553 -5.063 994.666 10.736 -4.514 995.825 10.553 -5.185 994.666
12.627 -5.490 995.703 12.871 -5.612 994.788 11.895 -5.795 995.154 12.505 -5.063 995.398 12.078 -4.697 995.520 12.139 -4.758 993.812 11.407 -4.697 992.836 11.285 -4.148 993.873 10.858 -4.087 995.215 11.956 -5.612 995.886 11.956 -4.209 995.947 11.590 -4.880 995.764 11.712 -5.002 995.642 11.590 -5.490 995.215 13.176 -5.917 995.276 11.102 -5.429 994.666
11.407 -3.782 996.008 11.102 -4.758 994.544 12.444 -4.392 995.093 10.614 -5.063 995.337 11.834 -4.575 995.093 10.431 -5.246 994.544 12.017 -5.368 995.032 12.200 -4.819 995.276 10.980 -4.819 995.947 12.383 -5.124 995.581 12.688 -5.002 995.215 12.200 -4.758 994.666 12.139 -4.636 995.093 11.895 -5.185 995.093 11.407 -5.612 995.276 12.261 -4.514 994.300
11.651 -5.429 995.642 11.712 -4.880 994.361 11.956 -5.246 993.446 11.468 -4.880 994.422 12.993 -3.538 993.751 13.176 -4.514 994.910 12.444 -4.270 995.032 12.993 -6.405 994.910 11.773 -5.673 995.337 11.651 -4.880 994.849 12.139 -5.490 994.544 12.139 -4.392 995.825 12.017 -4.758 995.154 10.919 -5.246 994.422 11.224 -4.575 996.130 11.346 -5.246 996.496
12.078 -5.856 995.520 12.749 -5.612 995.032 11.468 -5.185 994.788 12.383 -5.002 994.910 11.529 -5.429 996.130 10.736 -4.392 995.154 11.468 -4.209 994.788 11.956 -4.453 995.154 11.773 -4.636 994.239 11.346 -5.063 994.788 11.773 -5.307 995.886 11.712 -5.307 994.788 12.322 -5.246 995.459 12.139 -5.978 996.313 11.407 -4.514 993.812 11.895 -5.429 994.971
12.261 -4.026 995.215 11.468 -4.087 994.910 11.285 -4.026 994.727 11.224 -5.429 995.459 11.712 -4.758 994.422 11.956 -5.124 995.215 11.712 -5.612 994.544 12.688 -5.246 994.300 11.590 -4.209 995.154 12.139 -4.758 994.117 12.078 -4.758 994.361 11.529 -5.124 994.788 12.383 -4.819 995.398 11.590 -5.307 995.032 11.590 -5.551 996.130 10.614 -5.124 994.727
11.163 -5.612 994.971 12.200 -4.941 994.971 11.712 -5.063 994.788 12.078 -4.758 994.117 11.529 -5.551 995.032 11.468 -5.124 994.361 12.383 -5.368 995.093 12.078 -5.002 994.727 11.651 -5.551 995.032 11.895 -5.124 994.910 12.322 -5.124 995.154 12.200 -5.124 996.008 11.346 -5.246 995.459 11.224 -5.185 995.276 11.590 -4.941 994.666 12.383 -4.331 994.666